 ---------------------------------------------------------------
 Vortex Lattice Output -- Total Forces

 Configuration: Nemo Human Powered Hydrofoil. Wing (1.80 x 17)              
     # Surfaces =   6
     # Strips   = 102
     # Vortices =1476

  Sref = 0.19100       Cref = 0.11100       Bref =  1.8000    
  Xref =-0.10588       Yref =  0.0000       Zref =  0.0000    

 Standard axis orientation,  X fwd, Z down         

 Run case: V=3.6                                   

  Alpha =   1.71562     pb/2V =  -0.00000     p'b/2V =  -0.00000
  Beta  =   0.00000     qc/2V =   0.00000
  Mach  =     0.000     rb/2V =  -0.00000     r'b/2V =  -0.00000

  CXtot =  -0.00342     Cltot =  -0.00000     Cl'tot =  -0.00000
  CYtot =   0.00000     Cmtot =  -0.00000
  CZtot =  -0.78503     Cntot =   0.00000     Cn'tot =   0.00000

  CLtot =   0.78457
  CDtot =   0.02692
  CDvis =   0.01292     CDind =   0.01400
  CLff  =   0.78496     CDff  =   0.01400    | Trefftz
  CYff  =   0.00000         e =    0.8257    | Plane  

   elevator        =   5.59015
   rudder          =   0.00000

   winc            =   2.50000
   keelmiss        =   0.00000
 ---------------------------------------------------------------
