 ---------------------------------------------------------------
 Vortex Lattice Output -- Total Forces

 Configuration: Nemo Human Powered Hydrofoil. Wing (1.80 x 17)              
     # Surfaces =   6
     # Strips   = 102
     # Vortices =1476

  Sref = 0.19100       Cref = 0.11100       Bref =  1.8000    
  Xref =-0.13345       Yref =  0.0000       Zref = 0.98500    

 Standard axis orientation,  X fwd, Z down         

 Run case: V=6.00                                  

  Alpha =  -3.26791     pb/2V =  -0.00000     p'b/2V =  -0.00000
  Beta  =   0.00000     qc/2V =   0.00000
  Mach  =     0.000     rb/2V =  -0.00000     r'b/2V =  -0.00000

  CXtot =  -0.03145     Cltot =  -0.00000     Cl'tot =  -0.00000
  CYtot =   0.00000     Cmtot =  -0.17385
  CZtot =  -0.28111     Cntot =   0.00000     Cn'tot =  -0.00000

  CLtot =   0.28245
  CDtot =   0.01537
  CDvis =   0.01309     CDind =   0.00229
  CLff  =   0.28230     CDff  =   0.00229    | Trefftz
  CYff  =   0.00000         e =    0.6534    | Plane  

   elevator        =   5.68790
   rudder          =   0.00000

   winc            =   2.50000
   keelmiss        =   0.00000
 ---------------------------------------------------------------
